0, Name 0, 18, 0
1, Name 1, 21, 6
2, Name 2, 22, 8
3, Name 3, 22, 8
4, Name 4, 18, 0
5, Name 5, 20, 4
6, Name 6, 24, 12
7, Name 7, 19, 2
8, Name 8, 21, 6
9, Name 9, 18, 0
10, Name 10, 24, 12
11, Name 11, 22, 8
12, Name 12, 21, 6
13, Name 13, 22, 8
14, Name 14, 24, 12
15, Name 15, 21, 6
16, Name 16, 19, 2
17, Name 17, 18, 0
18, Name 18, 19, 2
19, Name 19, 19, 2
20, Name 20, 20, 4
21, Name 21, 23, 10
22, Name 22, 23, 10
23, Name 23, 21, 6
24, Name 24, 18, 0
25, Name 25, 23, 10
26, Name 26, 20, 4
27, Name 27, 21, 6
28, Name 28, 24, 12
29, Name 29, 24, 12
30, Name 30, 18, 0
31, Name 31, 20, 4
32, Name 32, 23, 10
33, Name 33, 21, 6
34, Name 34, 23, 10
35, Name 35, 22, 8
36, Name 36, 19, 2
37, Name 37, 24, 12
38, Name 38, 23, 10
39, Name 39, 23, 10
40, Name 40, 20, 4
41, Name 41, 19, 2
42, Name 42, 18, 0
43, Name 43, 18, 0
44, Name 44, 23, 10
45, Name 45, 22, 8
46, Name 46, 21, 6
47, Name 47, 23, 10
48, Name 48, 21, 6
49, Name 49, 24, 12
50, Name 50, 21, 6
51, Name 51, 21, 6
52, Name 52, 19, 2
53, Name 53, 20, 4
54, Name 54, 20, 4
55, Name 55, 18, 0
56, Name 56, 19, 2
57, Name 57, 20, 4
58, Name 58, 24, 12
59, Name 59, 18, 0
60, Name 60, 19, 2
61, Name 61, 19, 2
62, Name 62, 19, 2
63, Name 63, 23, 10
64, Name 64, 23, 10
65, Name 65, 23, 10
66, Name 66, 24, 12
67, Name 67, 19, 2
68, Name 68, 24, 12
69, Name 69, 19, 2
70, Name 70, 19, 2
71, Name 71, 21, 6
72, Name 72, 18, 0
73, Name 73, 23, 10
74, Name 74, 18, 0
75, Name 75, 24, 12
76, Name 76, 18, 0
77, Name 77, 19, 2
78, Name 78, 23, 10
79, Name 79, 18, 0
80, Name 80, 21, 6
81, Name 81, 21, 6
82, Name 82, 22, 8
83, Name 83, 19, 2
84, Name 84, 19, 2
85, Name 85, 21, 6
86, Name 86, 24, 12
87, Name 87, 22, 8
